37389
13674
57390
9771
47547
38321
2680
62596
24682
24855
24348
19448
43454
62190
48950
30450
13941
58010
33201
57135
64772
7479
699
20491
21736
21832
61348
8854
32184
50800
3062
4037
64474
60452
13808
46485
33238
16489
43545
57920
41344
2357
11832
19262
64547
60782
49712
12953
53257
17378
4552
52493
24857
5251
7448
46593
27083
3260
55448
59268
54060
58510
63305
52998
53427
11578
33947
21129
28067
11956
13513
3875
14313
25345
23137
13325
20592
7314
26278
8313
24692
30830
60806
49549
36081
2718
30606
63165
5979
20518
56897
60039
13493
54666
47502
1384
708
15913
22513
28775
27870
36026
32650
42183
61371
55788
55508
16427
63102
16250
24740
22258
47080
20010
6271
17626
22729
36877
15255
28708
57396
6616
23211
5353
61282
5177
6737
61991
21091
29250
25230
48961
65276
57881
25608
61111
48133
15581
12003
45699
31831
36743
2421
13376
56754
8692
31002
13947
45569
46257
42655
37429
52873
330
42782
48619
5508
49519
45074
26599
13233
4769
10024
12973
62650
35632
8549
45247
51213
20552
25410
17509
57295
27831
30885
48513
36523
61887
62460
16556
42608
39579
53986
29945
39910
31232
13028
45418
15216
58103
6481
28449
62872
16505
41423
59986
52137
49972
39697
37815
4988
65107
55324
62283
27402
20673
45261
63925
17024
42185
14945
59632
16229
3395
24041
56139
34628
37069
36021
49844
29636
42502
12757
26972
59007
54180
21422
45608
38616
61119
17887
43604
60690
7675
40352
22556
28348
20077
20945
45372
62262
35891
39468
12955
39286
63509
3558
8378
35043
39579
58222
64679
16545
5444
26116
10016
59624
47538
55625
32705
43122
7976
10773
38276
15652
51125
60833
44000
5666
16242
23837
2393
52133
63305
15348
25884
61279
18907
34262
30786
58486
26949
29929
9496
32393
56045
19512
26481
38048
9601
59186
15634
17578
4424
53910
33230
55549
49207
11694
61216
65450
35531
63609
52047
33301
13421
12395
29044
32328
46658
59830
25279
8071
24223
34775
40464
14733
54287
1409
52781
63889
60596
2879
15931
65020
56789
49161
55033
40461
60855
50713
40375
30851
48786
26886
64152
62208
39282
27660
29000
20404
21954
54279
28475
46177
23518
3403
60910
12270
4812
48155
10623
65408
51034
26554
64892
42288
10179
54390
17213
5498
39567
57588
36349
22818
18938
34965
19490
58220
62625
48490
13088
19043
37234
41563
65221
60752
44966
60595
7486
49779
43215
18109
49651
28713
44663
49008
5465
54842
37862
22678
60341
11893
14730
31154
34711
33669
584
54201
26353
63209
37156
39442
16717
8854
15469
16402
4070
60436
11461
11557
44679
54676
29666
28794
17854
8794
12266
23319
63636
50128
45998
58441
62022
60728
24060
31197
28861
24644
19863
55215
22317
57019
29121
39034
337
44590
55436
4407
39490
1362
15964
18633
56038
45631
47428
8356
54425
59694
31676
52525
44287
12138
45431
40773
7330
3955
6434
36192
28599
26297
25871
50916
17780
54992
24415
18117
34046
14315
22525
8001
15677
38489
26634
6180
18584
8526
14536
7473
2685
46212
59999
46972
58350
39894
22209
145
43849
28643
36337
6912
54941
62208
57828
7185
51664
16707
25303
20174
31023
47828
28175
46700
20781
54810
52880
39366
63336
1881
46839
485
48093
41302
47457
40908
15660
4130
41053
59509
32774
11854
885
22179
8526
58714
29364
60190
9885
54667
14828
40908
36959
43004
22073
57741
32278
9417
31571
30078
11298
12874
30564
59392
54177
12485
34764
4301
16616
10281
63811
49390
22135
64696
6033
30661
57874
35397
25315
2224
24529
40143
43132
61488
17611
65205
53693
49889
9087
19728
14432
20385
32603
44996
14241
21244
57481
49005
25545
8561
59286
23820
57951
15885
22981
63984
46546
15319
33846
6325
17543
58375
46469
60676
54327
64080
60345
42485
48434
3896
62213
62866
24282
29280
42326
38523
50524
34271
21993
10534
42833
15743
34354
35248
31629
57335
33697
12639
7119
2007
18965
24662
60382
65434
19802
49173
63978
14612
26122
46876
18508
22800
44206
42790
52080
20996
15778
37069
55268
37771
47603
32565
53514
16421
2277
19607
8221
35974
32247
15340
37981
51212
40002
32827
51110
59805
16465
49552
8881
42587
30893
27389
65387
9563
4644
51932
30560
20422
23465
20292
58193
5532
52857
46171
21953
55134
243
30174
25573
32490
45514
63554
18166
19981
30846
3740
14250
47311
53292
23131
24362
18649
50520
24214
28213
55164
10610
58773
10050
34075
13529
2707
39607
850
48879
61560
55984
49122
26199
16021
16076
6177
14040
34242
26158
44886
37982
40408
26661
25738
63539
51023
44388
48524
9701
7065
38152
20311
302
48203
54386
13831
50910
28457
14681
34253
24482
5129
17839
50681
21151
33915
56858
35191
2621
17481
14541
40603
57889
41202
806
55893
26689
45194
38881
36391
52259
11497
56702
52561
59700
45553
856
45075
8474
15537
13792
32956
20666
31632
18101
41817
11
9424
11472
2633
26905
26013
43236
19258
1679
44042
9615
28369
23700
48496
64760
10423
59994
55926
62984
54158
35943
63840
33697
44418
13841
47490
11838
34508
13586
29940
10789
13597
39364
22262
16230
733
48275
59467
19991
49955
37973
29607
12788
61674
12567
12012
6561
7025
2402
4010
61184
38346
2314
29345
17228
16156
11299
29066
50664
24885
59006
61453
38483
32834
18179
54713
33567
919
48644
53559
50874
21082
17630
63662
17220
30197
10138
23781
37223
12540
27791
32871
50886
30106
62216
2578
46262
7980
31645
31390
32865
25115
27307
5812
57950
45487
60526
25981
46406
43634
14004
31744
64716
31634
29870
16400
61832
40008
40182
33519
52548
2437
854
37899
32543
63070
40477
13269
5514
6586
44659
38380
31702
6431
44192
24116
51918
39182
50097
32788
17281
64102
64532
16461
30200
28866
32862
26496
3338
7508
60015
55886
9945
60869
28249
42489
58404
3191
55758
63918
9777
34882
36762
41479
41313
15419
59
27695
54601
50157
60483
6346
48723
59479
22808
13387
22809
55670
39884
26147
63178
34363
16497
7587
29697
44747
50076
22565
47938
40299
20947
57715
9645
57710
33659
50958
7593
33718
13117
62194
18339
8064
3005
1526
2007
25813
14914
24816
15947
54798
50963
13589
23625
1924
21176
53322
46671
5717
10351
29073
46016
31299
21253
55661
23473
54912
41083
31066
23094
54200
27724
41434
62264
30729
42960
64271
56542
57874
23551
6953
47136
8978
20542
5226
10902
41719
58548
57574
47436
3364
21111
27916
34663
42364
18041
58136
31740
59124
23666
54835
47788
51390
30733
44516
16584
8157
43251
7590
496
1266
14544
47632
10244
35086
52858
21146
11269
45871
13184
58705
49235
34296
21085
18362
11124
39126
10962
42865
32714
34628
32164
14966
20482
62897
59482
37066
5518
37197
44657
6014
38463
59201
53647
48707
28751
40969
4318
40021
21304
17502
33190
5003
51798
54276
23365
62923
27866
34327
40252
60581
3419
6880
10011
23902
4241
3958
60968
9759
41155
40089
15774
14083
33754
3885
62790
62506
44854
1572
36991
623
19075
4645
5626
5337
58921
28992
2724
21252
63319
42976
16297
1203
49856
26308
25105
54097
30266
20537
63857
5886
60627
14095
19969
28845
17980
17223
25815
62834
18796
62806
63457
37871
1916
3548
43208
60837
32540
45933
16553
30323
23373
32850
31526
7694
59159
56631
61791
23889
11633
60112
29775
6724
8671
49744
35569
26651
1432
61385
23950
20228
58655
21871
58099
60571
25419
35771
55873
57959
16168
6890
22747
39542
39741
54273
47236
33364
45369
43491
57253
57002
38068
21493
63726
46739
5701
33759
7855
7133
29608
31805
27361
22728
53676
19924
17763
13560
55696
8100
5983
6328
14991
28730
45870
54732
17468
27570
22560
62837
5526
14277
54303
43594
35770
52493
24797
41472
20716
32652
48605
50325
64457
10431
7517
52598
30355
25280
622
20515
33381
6605
26844
48372
35336
7178
37568
52804
34749
60128
50105
40275
8869
38872
18333
44640
25829
43130
20576
46545
10247
3645
31334
9168
14076
38851
61766
44432
64132
62388
64947
31977
3458
26255
14813
38794
33434
52381
26062
2647
46973
10631
42922
55842
49503
61255
34946
9796
38849
55522
56341
49096
59168
22140
58265
7708
60991
54495
52140
59587
51348
51552
26028
54806
12271
40841
28064
45705
27686
54126
48352
9123
64757
25738
64966
48724
21457
34376
58520
60307
24363
49325
43867
17995
5929
36596
25703
1385
25556
12308
60972
11368
63860
21465
638
10595
62306
28702
56301
24457
17292
39117
33580
16513
64856
33010
65237
20777
1851
58221
15548
26214
42010
59416
44209
47940
30476
4376
49325
56032
16684
44761
1864
15008
690
2502
25604
62997
31204
16369
21918
48496
55486
55498
65009
54806
22973
64710
10048
24824
57395
25596
51038
33870
19476
29711
16274
49953
34087
63
40449
50772
44824
42314
244
45515
44816
25848
42976
10485
42217
64894
58981
32168
54856
58455
21438
12293
57629
31486
37117
49489
57083
22619
17823
11023
52330
34097
60976
20882
34160
35890
6118
13448
12668
6362
58963
57484
32211
36403
2433
8892
35761
61415
41060
25082
54334
62499
37375
46427
28449
8957
30380
19996
31576
48203
31020
18371
16764
26460
39253
50924
62350
45371
64373
9482
51733
57800
1431
18408
28668
3864
27301
64429
65279
2825
23975
54077
65324
61351
34969
28238
4772
65349
48234
36348
48017
13718
54719
64781
40179
28436
50170
36993
8271
49007
46476
60005
41271
47907
12877
4403
51771
40178
3297
51515
43004
27272
40056
42792
23087
9489
5494
27859
9303
53729
64208
57320
1911
53391
56565
42090
16292
41199
13548
24563
24670
60024
19032
406
42395
31910
4809
28630
6552
8106
14609
49556
35379
54666
26813
58466
64155
32307
20790
7922
20500
19462
65242
22412
7317
56272
64502
23609
31935
12514
48173
56606
7002
1669
57012
49397
33579
61821
12492
40132
4392
27101
24152
39771
16231
50965
32701
14851
17737
53491
22773
38237
7417
22480
60649
14735
13216
59616
38344
45151
6594
20981
36221
13597
22651
27697
62994
56230
23983
9950
30826
28375
37052
54979
2610
53283
40408
35311
2598
58145
23267
25372
30847
30684
47852
25960
45419
61068
20040
18228
40683
26635
39209
11369
40232
61860
39066
37690
52555
63049
47641
17845
25888
19157
7288
28498
6904
47697
63810
9503
40306
21541
34875
5617
52225
17191
31578
32109
12723
51618
50337
53406
12717
24010
64775
52949
20335
38306
25104
7354
35819
7209
25199
61708
26366
32488
24670
33270
14649
22944
42773
54955
44485
12112
60573
31175
29303
26615
63284
42026
12697
48085
29897
25415
6559
29136
12828
26894
1906
37932
34248
37726
45141
59448
33898
5971
26400
58568
39242
41049
15977
16479
30468
60462
28592
25505
26101
57895
52120
23849
34386
64818
6398
64283
24697
12958
27883
37525
39852
29790
9922
8565
1980
55063
2477
35878
61035
28877
28910
34741
4390
44887
51220
34858
39814
14276
60364
379
6636
46948
24229
41022
46230
30627
39769
5391
43585
2116
42917
17902
31906
52839
26467
33886
42366
28944
4228
37865
57821
33139
7070
62211
12490
58291
31533
52304
7031
26361
52684
13667
7774
11377
54689
54004
42004
28922
59396
20054
31039
36777
37956
62945
24080
64423
31296
910
27831
35524
38776
20116
3127
45846
16791
15618
38601
48324
2386
45633
9150
55070
59300
16924
911
48454
5392
42916
11840
64788
62970
42879
36029
35390
40289
60109
34277
6049
61020
62108
41573
34260
16688
44701
14570
33479
60319
53172
16267
62705
33269
25417
52240
27033
42341
53151
9951
47734
30531
21792
46986
27965
64671
17480
63355
39424
12053
32096
45473
7537
28668
21511
41797
45356
676
56368
13299
60995
44004
29567
58164
11737
54984
44868
38770
31790
32484
48722
13988
63015
4978
60974
25445
4113
12918
23264
43538
24972
55361
23475
32509
18493
44986
8771
63850
45662
65139
11613
41121
43607
41180
33750
55344
30629
13082
28578
62419
45566
11764
10871
43046
16742
6309
2955
20856
19228
26219
64394
44200
16044
22333
11173
34538
1784
19944
32852
47446
19547
44465
23032
63154
20110
56782
52962
50739
4328
16005
47622
49895
27769
58493
27405
44512
64802
30360
65368
18494
56579
64226
62694
7088
21023
8332
41626
22807
28276
8942
4718
47824
53407
27750
45442
7981
18996
32869
58720
23324
48874
40806
7683
11107
33763
35088
55619
33030
65448
55451
51524
56492
54141
48683
63580
9629
57015
39670
32436
19755
48612
37154
2043
36483
64904
47486
44465
18364
14819
37649
41689
63693
12920
49372
9264
46683
18925
64884
14177
18837
54799
166
9793
43405
48849
7837
53034
40328
47507
19934
60083
30583
57089
62127
1531
56457
44077
45996
9286
58896
18109
50975
57053
31029
34811
781
12177
53736
129
26354
7038
54929
26520
16831
32798
9833
24669
20296
50161
6640
40230
44709
37224
31783
41300
38755
22705
19841
19215
31991
13201
37324
17430
4718
2818
52241
5499
14995
40442
5629
41349
47480
60558
2334
64311
27820
12167
23444
48116
62329
30085
22810
41502
1773
54594
17266
40528
11763
37107
59743
43754
50308
31531
61184
55026
34349
47889
60525
49344
22795
618
25158
4739
61176
27492
3515
23460
39659
26959
6040
36452
57044
28851
12418
58817
17909
29684
33809
29672
1255
28016
7890
51563
59548
3538
41053
28361
51427
36043
12170
8687
36661
37328
13426
32302
64820
16941
55762
38943
43901
61803
9860
35409
25118
22278
28691
43027
51963
62500
7163
53218
24981
15053
39246
18993
18591
14763
47354
4482
50806
59524
13169
21932
31316
26596
54234
30600
43537
44460
4008
21902
40727
13868
57312
309
36146
20467
43336
22573
17431
50499
10256
42412
16
49502
61405
18607
64265
43224
23090
49536
37212
36259
5932
2993
62855
60166
33593
40857
39090
37601
62759
14282
51469
54535
14591
22080
9466
57928
44653
26898
42891
54909
3774
42908
38875
65180
61515
37605
42868
19069
21605
14544
55329
27537
17537
52648
22167
51131
27969
61257
23196
25193
10003
9130
14192
24595
31210
23659
16987
10327
50557
59878
65237
54331
37250
38576
53975
33230
10645
31307
52299
32250
45852
42092
59787
63389
29205
16418
48984
57174
12140
6645
16831
22143
15775
31024
46738
46985
54683
63725
57312
39704
58068
57013
28499
29782
30054
16939
63012
40699
48246
49776
7414
28562
26332
1665
26416
55537
18084
9864
47176
30224
16509
64007
52367
32284
29495
33570
13733
18642
31759
5510
58346
24291
62523
21310
54074
27041
38249
51550
2205
20959
35790
9619
49522
62123
11284
10402
52124
29368
20266
33764
59592
36776
32236
46424
3524
61731
14458
17258
14838
46217
22768
7648
4973
19755
28958
59047
46797
1671
45061
49002
22631
15316
58621
6617
11903
4369
17019
64027
33738
37285
32256
27794
8525
64492
8682
12050
60687
23140
29308
9989
3822
52076
17638
8795
6295
46596
2306
53092
48268
47367
36558
5363
62683
29643
11980
9050
34013
28999
7542
2215
748
39798
30009
9274
38754
38692
21324
33905
61832
50632
43895
118
37172
61533
8913
43467
42593
11219
31024
25325
58587
2046
30688
55734
31690
42668
64785
167
6131
6791
2382
6880
46589
32391
16154
19807
5547
37478
53712
1844
22574
32071
1962
59746
28068
10876
37677
5126
22095
3165
30451
15146
5212
61140
5345
36902
38272
4594
37069
44404
11385
39451
51284
57974
6306
1902
12245
11854
39380
421
13698
61954
32493
15660
56164
60561
26536
28305
151
48632
31471
30603
63778
36683
26207
3587
8049
64479
8181
45118
43347
19566
19033
29095
12004
25339
30997
24249
37193
4841
24671
50891
1259
57164
1016
57423
52189
27552
20193
52341
10648
51664
17408
8891
22811
43615
12478
30860
42558
20660
10442
20370
40226
29475
49465
52231
54814
14927
10944
26472
19768
35615
11827
21028
27243
12843
12915
13897
40396
33108
702
51044
19236
18110
59935
42047
61725
6878
7371
38747
27538
17813
59117
2228
47288
43047
54459
36567
57974
65404
63039
12206
35483
9330
33234
62727
22174
46150
11088
62570
13722
11790
48078
32959
29900
42478
9470
26089
49356
16842
64836
11358
34655
58418
13586
16408
35929
2510
52975
28367
2378
50478
40573
37861
59808
8272
35052
16446
54422
46140
13480
2608
57930
61559
35567
22294
38501
45038
48383
22321
61880
47684
33679
30999
40566
47265
47407
10959
49775
34846
39326
52153
19788
14363
24479
14061
22635
59531
30507
11521
40136
43988
14130
32530
40011
49697
54825
12976
29199
37672
35297
25543
19820
3440
56543
60386
50705
38414
5809
34945
7725
45135
21562
27513
59499
46041
41574
16598
40037
6546
28120
14637
50534
42250
47167
25009
26411
36456
37985
55611
8593
7746
15618
28413
11186
6625
23264
61891
45040
29073
31300
52765
8673
52863
14742
2636
33368
56317
19234
7869
62863
47354
22506
47861
24068
4138
7334
50480
40594
45319
40555
49187
53065
56173
12065
64251
62799
35329
60606
42303
64402
26371
29532
7539
13698
44274
10175
47066
35055
29410
54936
32382
11228
11906
14707
35297
16044
22041
20241
56639
1824
60796
40290
54889
51433
52355
53604
48696
22148
48675
25463
21015
9510
54995
28554
23208
33734
38730
4738
3253
2604
59674
35636
13832
6045
50343
49129
22089
6849
3834
13192
8673
64630
53483
63563
50528
40302
51631
33688
62451
34770
59152
17930
44280
48611
46484
1952
16809
19678
6691
20063
22282
829
55699
36115
6874
40506
19708
28964
47355
23543
42156
56029
22637
30103
54056
7629
4870
40151
41318
1785
9386
34934
19715
53666
18009
663
55619
34819
20342
62310
54882
42624
63139
45045
13203
4478
20015
32912
33442
1835
56455
10062
57864
13556
40166
46384
21186
45036
20999
62504
46821
30385
31902
1000
18516
49911
1663
8599
19194
22005
5373
8540
64630
2976
53585
12297
7454
8065
45209
40896
9900
36128
50959
2228
49685
25589
48612
5335
5089
4075
2303
51910
34461
34205
52910
52977
18580
54573
61576
37775
11043
1413
46315
10137
4389
34365
22434
11844
42430
2108
52740
52330
38236
38163
54558
22385
63752
37634
27720
3305
41709
30023
55215
10634
64228
42589
63611
17273
31627
59651
55048
42670
61064
35827
52807
65454
4656
9705
11762
47086
11813
64502
33880
50050
37130
22902
6899
35346
60536
34620
38652
36710
64643
28331
47344
63336
5385
45420
15073
37012
39535
4585
14146
35064
40412
1417
34982
45069
11122
46744
26619
22936
45710
60500
7450
17304
17866
14349
52651
12867
48969
25767
49577
48077
54098
31385
45877
59483
11269
60950
30959
50805
65535
45105
20333
40411
46522
55315
19944
57645
36523
46564
15045
16697
41528
22495
34002
59394
36844
21117
6725
20278
46884
56302
2819
35446
22152
48696
29394
33421
44110
60353
18690
44109
39923
39023
18984
20909
28802
38929
13018
65325
19957
28063
16487
61485
50558
50489
55343
21867
6070
62069
42145
52954
52835
44964
22864
9451
28124
52258
42873
6698
47076
61563
50807
21463
35051
4255
42372
63853
43184
55391
63643
63141
17918
14594
59090
2941
65083
48898
24808
5617
45431
1417
58571
32730
46381
15899
42182
8969
2622
19519
15667
49698
15546
938
5625
50597
5193
47997
48915
48378
37852
47022
45983
55771
61616
39538
58712
61163
22900
17984
1244
2795
19401
59815
35525
246
10178
12171
9215
12800
31690
24882
62498
47237
25820
2587
32298
31013
50585
15677
13855
22901
62699
59839
13136
58779
33841
6312
54406
56741
24296
55650
59536
43697
49929
29525
43943
60108
41697
53158
7372
7851
12504
4335
55088
38324
6922
21851
3802
57507
37528
17657
14873
34692
11960
28009
27935
45801
34322
16806
37006
58618
6920
31006
36780
56850
60532
15187
51422
36693
2810
58794
44544
15314
63129
34097
53639
4516
55948
57441
62023
27940
9562
11360
62632
21523
39370
25032
1788
8156
41838
38795
1238
48758
4265
38018
40072
64797
53206
25958
35954
56016
19217
14963
5794
16810
49060
59433
21326
39472
51338
17814
1876
60901
29174
64509
16888
3008
24005
18676
11164
307
57471
12403
49065
61737
50421
23602
60998
38091
49560
31417
28571
3241
46380
34366
20052
29904
28263
41378
3840
14066
59192
5716
9431
22831
4689
26319
25839
28694
44995
37004
29001
36931
49407
12531
33132
34292
36133
28594
6848
20157
60011
35419
23399
40855
4249
43451
5223
32513
19293
9063
46579
12950
14780
56010
35781
19469
16793
61620
48164
61788
33088
11629
33183
16959
24160
779
51252
60293
29374
58100
14915
23849
27983
38314
64705
32233
16229
4392
64746
35522
13456
45789
48472
28236
36263
18717
47705
53056
14802
30333
49308
47890
41963
16956
64850
587
17735
50566
60881
47109
43130
10260
5423
5577
48574
4592
37810
64803
8984
37020
34789
22440
17273
17726
50676
53536
36443
32846
41056
51245
63179
24829
33600
39606
41785
32914
40194
59520
17944
35539
41094
61074
45799
46517
1115
28837
51109
38926
28104
60093
10410
62893
16998
27684
15083
2138
15684
51527
34984
56741
37236
32628
16034
5300
6698
57819
38214
46892
51803
56158
16895
27361
51696
62694
8342
52812
25995
59451
26202
54099
54009
36612
51457
5471
64296
1004
7609
14445
52531
42594
5650
24232
9686
21684
29532
16384
13967
2211
63277
234
58369
14636
27596
44530
11795
35938
31806
37790
29854
58008
26354
18327
29084
12275
23798
27845
13279
31407
42290
275
8465
47940
24507
18151
4088
54039
34536
18055
56250
32277
18289
49084
46913
45885
28078
58708
16288
59884
30963
46142
52356
57317
64469
15904
4056
22731
43749
17335
54138
20503
17610
62604
2907
42117
15219
6995
30621
49755
25050
21335
16496
43340
4883
63410
23689
32961
56582
39977
27309
22009
20583
14129
13790
19516
30034
17846
42247
8247
35182
30850
28751
52792
27918
31658
29374
43137
38654
59995
27357
63704
15794
43853
41508
20678
41727
65198
53639
32774
39639
15413
54783
60223
29542
3038
14203
59576
20884
56451
2288
56066
21765
31039
43323
49683
62697
7161
27284
35815
1620
54641
33984
17414
32959
9956
38092
9150
9618
26196
41924
49258
41609
31172
43945
5615
34210
58148
65192
55094
49063
1944
45625
5292
32983
23412
54975
30144
30573
16724
424
32193
5829
34408
49607
38788
44364
22164
47939
53983
48360
24327
37705
24433
55499
16114
30048
24173
8726
29704
13732
57790
31648
59357
63082
64631
17233
52522
29240
47806
3710
29664
14463
9539
64072
64070
48328
42900
20698
30731
31347
3522
55058
3516
27955
45022
19630
58004
3659
28357
22172
17391
20611
53821
11212
18157
52916
28445
5143
16620
10715
8853
46284
25178
18393
44820
23713
1185
22185
44411
31916
53532
47934
21438
57049
10353
924
11143
2821
4584
39500
24994
21975
60111
13279
33188
12733
659
61633
17876
17280
6813
26730
63564
31991
45123
42849
55704
46308
65034
34580
12688
53030
16978
34126
44543
27331
35051
55687
30153
39635
29651
55147
61610
24227
2890
29262
36960
3549
25360
54836
20829
32173
16030
18858
64164
61153
61707
54333
41925
61205
23377
54613
48699
40355
23204
27707
2150
58255
17858
32303
32354
47509
21914
28428
6200
24804
57691
43160
28354
17515
32461
49183
49688
48491
2505
48316
44109
64212
37113
20498
59881
60490
9576
43045
35309
32780
5216
37460
25499
23074
4227
57853
5047
26142
20745
11248
50946
12900
54408
13764
30415
21333
62948
14567
4289
65453
62884
48398
64130
34461
3360
58475
29416
12936
35984
64725
45716
41200
36649
5679
64274
40877
63532
3786
1483
18742
15034
52429
31642
3906
658
62058
25240
63606
11089
29529
63523
8437
12391
62117
42899
15751
55057
6779
28688
25505
5968
8868
1170
42618
14548
65444
17959
12544
3694
19442
31286
18728
6335
62929
22635
6993
59451
47875
5063
5004
11868
3051
13442
24259
65168
56341
40010
54689
63120
3162
14659
3552
12031
15829
46170
26579
15737
64129
39123
19432
18035
4874
38160
24371
2267
60795
31364
61718
43134
36428
1186
55002
39479
14628
13725
39111
5433
53736
28265
3017
56898
42924
6570
3393
58753
52740
29972
8954
51334
3560
28386
3833
8434
1011
28204
10701
61806
59569
6883
39405
30461
8069
28871
4404
22698
42597
43515
28131
30797
6244
31149
22159
49168
37719
25553
42385
24923
55525
51340
10721
59085
14190
14555
1983
15201
42759
12684
11472
36792
19567
50877
1717
27637
14212
6121
50335
56809
49637
12930
22070
55881
44079
44230
39514
16262
4247
16363
41186
59772
2167
51907
53322
16358
926
55305
31559
43686
2454
43031
14942
22021
28372
16660
49658
42585
22781
34457
33858
6882
47388
55929
62764
25931
34623
36742
42194
38870
53105
17844
33106
55273
4215
20892
6095
5142
10662
37654
48828
13116
15150
63770
35137
43522
14894
19260
20571
37676
53717
54430
44558
35569
44823
41786
61501
13910
12992
38159
52780
562
56003
20350
55835
60218
41243
61930
65360
51905
34048
48652
65021
49198
46887
34622
27185
61781
53882
47756
33921
42064
36650
12944
12097
15937
54730
8062
29847
2187
46221
17091
2749
36688
37442
58584
31371
13149
54978
31195
65054
23490
14312
64539
7153
61199
33625
34338
57444
21972
16558
25830
64036
53209
38774
10597
3610
27968
18660
33458
30155
64881
50549
32904
36034
22455
25952
1869
35604
15394
33064
35122
38885
47376
34125
46038
43039
2215
14840
34948
24187
31398
60778
22687
19071
34016
33284
22682
61984
51944
56140
26604
51290
41153
59508
21788
63609
19925
23657
33677
35319
56721
3264
8668
38562
37389
54706
16065
39604
4010
51013
63791
35409
46255
20942
54480
14735
54227
11626
11184
40635
2230
37788
26389
43384
31760
48177
41457
51685
6298
9598
21469
63020
12862
30137
36046
50252
19308
52111
24320
23318
37589
22576
58727
18308
43518
47672
33044
32209
59298
44228
7309
61529
16480
33698
39377
48240
16340
15298
34390
22638
24896
55859
20122
37759
20460
56168
22475
39768
42744
46795
63087
14797
3835
56278
33105
47354
38414
613
14027
32177
44841
21336
28170
61321
55035
2011
44026
5839
17309
12880
28477
42205
3203
48600
14428
23663
39232
36903
63432
16440
18163
60983
31237
21998
51725
64343
3816
24604
64956
17844
56781
44262
39180
19415
40047
28679
21426
18537
34518
38735
31417
62996
15404
34620
46060
29833
58284
19756
1200
56180
36197
19363
51627
1898
41362
37816
705
45178
62420
126
63022
53665
44388
36667
7544
18899
65346
28970
37437
34329
2169
3318
31789
17574
37939
12313
47407
30687
32069
48607
21331
2730
2435
7422
4629
43797
45238
5334
23439
42123
5460
20926
30252
49848
57593
37797
3212
57403
1231
40649
26196
3401
43967
57985
20975
16370
4762
2846
47057
36832
51453
2852
39562
53888
10274
44191
32149
55513
49526
55589
32100
54986
10979
62352
39299
3036
34613
42511
60439
35845
17624
21100
39246
61591
13549
60221
12426
18312
63067
59483
55144
48984
62336
29170
37337
7074
7826
3950
62587
57352
59539
29151
46802
4982
25968
20565
8018
60581
63076
2922
30890
15164
24022
4600
11220
37571
64821
23646
55883
62352
17593
45491
45801
14393
9126
17602
21468
16952
21552
18519
8768
15556
47671
55570
20538
8103
10600
28557
3148
8140
31479
34039
23305
55501
38639
34525
27536
37925
58171
17884
34741
10228
63375
15006
24622
6965
32608
46090
23917
54161
64609
32685
4181
46744
22720
24719
54847
33320
53276
57996
41460
19219
26499
64765
9184
65138
33754
36721
37527
26389
54605
6733
36618
52444
21739
61240
59410
54348
41794
17791
42973
40867
50477
47154
22076
7661
6337
11387
40981
59614
3847
16905
13297
30346
16135
22482
29949
49889
59203
1940
10743
48272
8673
47361
35180
30413
43065
29054
19225
19323
46846
62198
60190
31787
43816
16730
39448
50153
28118
14893
44231
31965
31798
57529
62312
47933
14475
26725
32287
8142
28665
43030
56414
37339
24855
26058
2216
2384
55113
21441
21707
36423
18103
16361
2674
61919
33092
42122
46536
61210
57015
25232
27639
23277
17225
24415
5675
31700
51140
37962
39842
14270
15456
30720
51609
40311
56778
53825
42695
46355
9730
64402
17242
27833
15227
19916
24216
48319
62038
5216
43993
53517
30448
6097
11259
47673
30512
16934
13837
16117
54896
53679
30387
4816
18863
16460
45127
10106
4749
22286
56461
14479
21152
8168
42312
36379
28084
992
19163
24587
6208
63156
12568
36657
3717
23827
18794
34230
40761
32632
50347
30121
20775
15198
34937
39639
31658
14528
49745
36407
36814
40670
50886
57966
48838
27662
28810
11387
28654
47973
35974
34862
45593
48542
5983
49311
6834
24778
18005
47595
57410
2816
12181
12649
18014
47118
52288
49672
61647
36497
20543
32925
11632
5893
25356
60470
33555
54166
6321
62209
36603
42295
31535
16660
25302
37519
435
32136
62297
18440
14195
54171
21256
26376
1284
39270
7959
53573
23406
4070
24534
43949
36995
36166
49842
62351
31101
17861
50981
37422
14534
22048
14182
46070
38709
39484
18053
39144
6084
14814
57585
20279
3449
13305
46656
4733
52576
54615
58306
10446
58685
17305
54396
30144
53471
38702
26960
19036
56564
12405
56459
5562
34454
5105
51632
7627
44589
4149
46771
50673
18963
38820
5416
22412
52126
52072
27146
39166
41151
19916
49612
34300
37221
38472
64445
25157
11639
25869
44193
2667
38274
35116
8229
7192
40221
59862
14819
19274
64011
61591
4411
17439
34875
9828
39851
21465
61900
1461
60631
37516
21378
44708
6280
58599
17644
5189
18220
29283
31058
62414
31950
3797
31994
40180
10989
6680
34506
25809
25954
32981
21864
30366
50420
56739
40194
24736
12669
36558
26197
7764
8538
47575
52472
14819
40639
4581
20008
58859
33864
51067
55737
279
54864
22196
40459
317
28876
9429
26126
54830
42410
47990
19660
27295
39194
59854
52031
51863
30877
12692
59627
39415
60268
46564
54234
35371
51145
8707
28694
19473
59774
18896
19752
49102
41092
60211
49419
4432
4104
10010
59262
46515
58000
13387
8274
31658
7705
60305
17985
38582
7461
12077
12462
2193
58641
1160
37564
44250
9867
723
63723
4105
19619
17940
53207
60711
12615
37091
65143
16720
47101
58869
63235
39565
6720
5973
5688
14426
742
23673
53008
8203
35750
65470
10397
28855
1095
47961
7569
10962
48684
5757
15068
2767
23697
2739
63478
36312
39830
63085
53032
21395
56419
50731
60961
63139
56704
1113
12029
57446
24786
65038
114
60537
64972
10511
23856
531
58472
31426
11494
41621
37183
26562
44388
60880
29301
42331
31656
3596
39880
19153
24991
30763
4348
20416
28367
61053
21529
40396
52963
46316
39898
53077
41317
39335
63588
65173
39866
56525
31063
51360
32610
2710
12386
11462
63590
41688
53793
29711
45284
28138
48864
4739
58901
53212
25156
21732
48729
46685
62129
36157
27465
36491
23698
3246
10290
21751
2884
50157
12740
33947
35981
45350
36658
48368
56812
34712
24520
45070
64423
4268
7672
47751
9007
1037
35428
34163
22770
18621
15313
19363
54778
42778
55854
12941
46025
609
34692
48909
50766
47432
17320
21211
27246
53978
4043
18522
23155
28563
63592
22042
32831
5728
4258
41839
6766
39686
10466
29536
58307
25779
48899
47550
3022
39217
60491
49047
39826
29647
32420
25056
11543
49740
46268
38789
38183
50311
57311
61338
13339
55368
17844
46170
61096
22102
22473
2326
61788
32940
31862
54560
58719
15225
36574
61741
54443
31529
45252
28733
61176
12136
53790
7183
61877
34522
45972
34524
19297
37747
30326
32636
27579
48170
13271
23140
4737
35744
25466
989
3148
57329
55549
61868
7018
26587
58073
61461
58116
37790
24659
53756
49926
12913
60939
46267
47435
41375
15255
1196
13587
45581
33833
41166
28216
47104
64306
32953
17312
24237
33942
20461
16030
23956
16793
23048
50543
9330
18974
43124
47120
43633
31344
31511
56546
26748
12242
38445
2587
27498
39641
16174
7543
7938
57341
35759
55042
56111
3176
6819
14812
37119
27280
30842
61075
44073
53891
46082
53403
7329
23670
34988
50962
55015
963
41972
16227
13205
14881
18814
40703
54522
34989
48247
62461
26794
18470
51967
17369
21647
58786
32182
58766
20530
63024
54305
64603
51379
34851
52471
58708
58522
21923
44134
48001
22886
20570
64228
36091
35451
17506
11259
24438
52495
59506
21363
13753
12440
7794
31123
34087
1045
63305
27317
21575
60793
16086
20643
46637
50938
7578
39809
43924
29501
18408
26389
52387
38978
25081
22942
8894
42587
34201
33332
29547
28171
54695
43300
40612
62489
8887
9163
63534
6656
36481
19574
1914
52567
40217
48551
37969
47795
22824
16357
11760
41232
42746
64147
14675
2291
21553
23569
44879
55755
56901
8890
18390
46060
52190
59002
43013
61078
2630
41012
2198
39111
60586
4112
26142
35267
52663
64112
17526
9952
14933
29286
51184
57680
27897
323
59971
49450
23892
39314
39669
15257
48204
58060
61317
34859
51526
38795
30401
54156
14271
32599
27731
9321
36712
53874
44588
23839
52450
62114
33791
1847
25864
19440
59527
53761
19763
53963
37675
43656
27741
11809
58913
10410
4333
54695
45269
55859
27954
10134
44480
42225
42733
6675
51546
13909
60549
30598
37749
47463
27176
6004
49311
53040
25444
43302
41265
45208
31729
13404
23328
59471
25213
16705
4345
29546
5864
49614
19870
33818
59748
64350
10507
36945
5489
62053
50855
503
27115
23068
47966
54291
29072
31741
41795
54517
9508
17524
34189
41237
30929
57517
35172
56142
8686
39517
20153
14551
23595
40023
48369
17807
38837
58877
54753
44326
55394
40072
44829
16974
63140
27260
5729
26676
59001
47525
15657
2973
65049
49846
44211
30442
41827
13847
21049
50514
53365
41202
65065
11424
15689
47898
29232
54526
41239
18449
33316
31098
58521
12610
48072
56125
39870
53801
17265
33335
35790
32923
36309
35304
17233
14984
210
59061
28831
21259
44039
16660
62461
43568
28085
12614
25930
57317
1604
1634
10230
34921
32732
3215
47531
15268
59340
21865
3533
11069
55200
39324
43992
25973
9092
61226
40957
9302
54751
4253
30562
33254
20913
27487
11286
48998
40102
37216
40779
41706
38850
51009
11091
6046
54224
58622
21314
48028
14951
24848
59098
4616
64172
37554
30589
7728
33244
6011
17030
22459
10264
47592
55713
31177
9544
1463
14640
49646
38680
55419
25816
11994
40893
36908
18041
29581
29994
39355
12074
44946
64203
5636
49562
62839
43190
14615
5031
10899
20626
22062
33358
30890
4118
23536
62068
13662
24999
11172
63308
63679
1055
23589
10138
41948
60497
28179
5994
24955
1998
18068
4365
666
23704
53927
63505
1358
3007
3001
12257
23633
25063
45616
54524
29181
3616
51056
42844
28615
62228
40616
26759
63283
64205
36897
39696
59166
65076
45690
18586
1538
63758
22951
2204
21926
11343
174
23284
14350
3175
35542
37983
28238
15622
26971
57419
19238
12491
34727
47853
9183
9808
9076
6931
8477
45973
46627
2108
45513
26781
20694
47052
25003
43645
49256
46929
54988
49430
4677
3802
52605
40219
41786
15307
55841
3221
7191
9543
15713
41918
57397
24896
51726
937
31827
60204
46911
12918
62312
26888
39699
17470
8404
64702
61115
57661
46095
50568
41555
50773
54370
28625
25456
30620
43932
15762
33842
51123
25305
49555
27506
17166
8915
13696
18104
40743
8364
65015
53661
5140
26367
27825
22610
34772
26991
18190
26897
7551
3222
2916
58324
57592
31541
18244
22677
9938
34006
56519
61061
59312
40538
23031
10942
49453
36728
29046
24660
45092
28525
12786
50233
54893
40611
7307
24129
2066
25497
51026
9617
28719
53942
2405
20776
19948
20650
43453
29886
54656
34436
25411
48432
9438
48443
59375
58891
19635
22885
18016
64727
51411
30802
49424
40768
5877
56732
64897
7943
16693
50387
17561
45413
38793
19966
653
58741
40616
44106
23091
29737
13006
48503
12633
22444
31410
6472
15799
51045
29358
33815
50236
15233
64617
34125
56001
4958
25321
55362
12902
42014
40213
30463
21891
13470
50429
22544
6676
25510
1114
29767
55247
14120
12734
2344
36564
44144
8817
52364
29653
38175
20643
14354
53408
19725
48479
43873
24683
8264
33699
37585
50278
8376
2512
6634
21846
52942
29178
28522
12916
30293
58290
2627
44413
5488
4971
15442
49633
13788
2270
13750
51963
22913
28104
39835
42638
11047
18172
1786
19311
51871
39371
4054
60247
41884
10688
16558
29290
39866
45080
42206
4623
37834
44833
49037
43323
49804
64479
27420
63593
1213
41170
50020
24126
3739
24320
1229
14786
42492
3015
34098
28828
42386
38152
23539
18734
48840
40097
48024
23170
19642
24694
27794
57476
3991
11295
35263
53796
10238
62683
51853
11451
38318
36337
35577
42057
60657
36806
56843
37614
39821
25405
906
16672
63557
24445
35406
46861
64543
17895
4496
18649
42589
32290
10589
46581
43585
45853
34841
53823
43000
21158
65274
15782
57495
35315
57839
52617
6586
49147
24695
46407
9016
25601
63079
7038
50046
32950
53899
49053
50845
58395
2166
27898
25149
12756
8943
3198
58609
43784
57021
36073
64942
56759
51856
56902
26539
44159
43983
33125
27770
3142
13996
36787
28743
11540
43825
13253
44490
32188
62307
29799
25048
64473
57697
50197
11693
1105
53396
4766
44889
44881
40840
44296
36105
27160
35662
62644
5783
14109
30233
33554
17251
44229
4805
45994
55769
48630
59247
34723
15282
56018
64522
40330
54956
56684
24992
1113
57789
12852
5880
37142
57733
46720
15902
28302
8344
51564
25410
14127
137
55643
47681
17388
34337
52486
63382
24570
35580
57094
59294
50863
47576
58280
25657
36996
49428
50649
38110
41681
63501
43990
13288
55699
25174
29190
18465
33518
15219
43876
47645
15356
33983
29791
32745
2784
16741
30591
27355
52322
22149
21113
37649
4190
13857
63306
41186
63286
48420
13760
39431
46385
57750
52719
36548
17388
16374
55014
50906
31593
33354
33016
46949
1801
62807
14158
4586
14012
44750
31941
798
1363
53054
38447
5553
1375
36218
46740
64661
19102
60500
38557
65487
52715
25740
36500
4567
42114
25978
55474
8171
59332
22954
55121
61133
20225
3743
183
34237
48493
32124
35036
49857
19642
7947
55410
21018
44165
36614
20143
63267
31579
58700
63219
18758
18905
34183
23325
61019
60161
13263
3655
53957
36217
58776
49554
56442
62519
49738
25144
45477
16326
60180
29798
35969
2591
19672
56987
46757
56287
11594
44488
22330
4759
42171
41088
23664
10818
64413
19147
5443
12141
22802
59400
48358
16042
43419
39265
13026
27621
64409
58503
43947
59053
22765
14380
61644
42437
5831
42865
33188
17426
21818
55518
22185
63989
31070
45849
9272
29948
64996
14715
42089
22263
8580
24911
38305
51999
64176
51331
14084
63049
44298
58031
56566
1527
6876
52675
43965
12707
30004
11617
30133
51822
1600
52318
50276
32670
32631
59548
62618
32092
8727
39171
54355
17307
64083
27124
3770
62723
12920
17854
60237
57218
10350
51267
58746
17226
38406
37175
29933
2875
48792
60067
54697
50392
46849
39437
17527
13945
33449
14609
46037
42177
53781
34856
59484
52328
61980
63255
49515
9364
15573
44216
1047
25923
29948
59793
43149
2818
31432
7547
5693
14688
2078
60391
65081
48927
34292
17072
62872
2206
31681
43373
44383
19926
12693
38331
6718
9138
36050
56234
18502
51624
34914
19549
12011
64862
13806
55161
2145
45238
62708
7838
59927
64786
2693
59472
48177
36986
11008
45514
39192
42689
23351
18039
62616
36045
56370
3798
45183
26885
60032
63685
12973
29411
17699
24984
28737
31505
14609
30882
11208
11781
38721
5599
11031
41414
65071
59209
12864
10543
39187
52056
53232
62538
4559
50312
33047
60930
54111
12694
22279
48607
10844
35252
12482
28543
60236
41220
60048
9310
6566
5720
21091
45287
11319
32123
21166
10854
25796
34030
21397
64983
20551
9094
61985
25110
59406
29497
20504
47981
42191
42783
31053
53035
12499
43535
16042
7200
19219
10555
16510
25786
16275
37601
5537
27595
4188
26703
38449
29984
60734
59847
29431
15749
3405
25881
40859
62811
55378
61364
45257
32033
38611
10774
19533
51111
54309
35575
58311
7993
46130
9285
33779
62406
46886
39316
24465
51075
484
62914
15523
61218
57225
44955
11431
60630
5300
52290
57906
60678
48118
37627
27175
21194
48401
46708
6769
37174
16748
65080
45167
62878
8829
13410
59748
55715
52727
18677
41254
53211
16056
56778
48893
7745
36197
60324
2840
41497
47078
60746
36639
29661
32837
63814
50855
15702
44987
57624
52876
61735
57168
32508
59077
461
45918
53290
56176
33109
6431
31895
20784
22487
23137
4141
30233
59334
64465
33073
35295
46008
28283
6398
10133
61120
4676
60988
11286
49663
53076
64162
45862
44708
31134
39404
45169
11517
27158
35809
44626
33589
2168
65411
56077
25305
4016
20774
19103
2946
53847
54398
48954
16594
60796
59087
12178
65473
54539
23464
49600
42079
22090
29927
21251
53225
3795
884
64742
30953
36693
43832
64542
38862
43707
55083
64167
47724
10321
17735
50670
64168
6597
34088
15226
1858
27639
27404
1795
16642
50868
51395
58721
7423
15786
14436
60648
19581
15320
59854
50534
52013
38150
49541
25339
16322
39088
23971
64046
49410
41706
49180
48042
48303
17732
63269
50161
45371
25137
51956
62013
10470
37816
55198
17893
53602
4098
13005
7648
19418
7323
58182
5895
45473
42187
31235
61795
15740
55206
60305
65150
31376
43949
47656
14143
61681
45389
64305
41516
4991
50725
37993
15461
23005
27655
33354
11072
31753
46359
18720
51171
53682
11366
57067
33619
53554
22766
29879
3758
12436
24648
3372
43812
3062
51028
57955
64743
30882
56724
40724
35873
41914
13181
51334
64919
40837
19152
10455
7054
65511
29175
58226
53657
40542
49757
21740
28560
6987
51619
32318
19423
10732
35690
63235
13794
21182
55654
13001
52064
46843
53725
22401
23221
1371
8199
22604
42208
27351
33060
49262
27326
62235
41952
15447
37241
26173
37188
265
33160
23271
32583
52583
34003
2737
50282
47797
23920
40401
60799
10448
21708
48988
32850
44929
50359
41049
1997
27031
2865
35057
10758
30191
31757
52710
45639
3462
13348
17291
3728
46508
40562
36311
33556
9030
39049
18302
56827
62969
58703
52090
7881
14875
35543
40731
59804
20366
16245
61802
47398
19110
31323
58156
49301
63080
45330
29404
1007
58678
46695
4735
39651
21722
41046
7671
30752
14559
25973
22043
11992
19141
8598
19874
34016
44141
60605
28285
64507
11314
24551
46369
30424
55874
38989
14190
53419
18784
43594
54426
11926
24754
59161
51577
46476
34671
59248
11692
49231
19686
33735
61223
38827
42333
15561
7307
20938
10631
35592
19910
21945
60143
743
52370
50482
39733
1024
38365
58517
44618
27255
4907
3836
20880
56485
50312
55551
50197
62004
39246
4347
30204
34934
43174
7001
50495
50482
27940
61126
20538
47850
17536
15146
48593
4370
92
22790
5394
38457
15771
50012
176
20679
53849
21056
11628
38625
11071
61825
35094
50318
637
65298
19716
43811
6763
4675
28757
34703
266
49296
17017
17802
64442
75
22172
64534
22865
27566
37455
38637
12042
37631
59316
355
58687
5408
38981
4222
1697
8539
54540
2334
8301
8720
46146
15064
13396
9367
49768
13662
58663
1249
31464
57569
1324
53636
56567
24190
15666
28486
62827
27708
581
56607
28064
59268
62015
1509
63491
63712
10048
52495
511
18349
61216
46657
33413
9076
56024
17645
22738
49152
18895
54202
41185
20219
42302
32217
44409
57968
60703
41700
20140
61285
32771
48204
55017
29250
49713
52972
27427
59761
39932
27938
12574
35612
9059
45988
44688
65083
63633
1890
48699
16992
56092
24349
37212
32858
56566
16085
25290
51733
57786
45430
47482
25021
28099
36964
54272
12276
24400
16163
6502
64332
44101
19076
34408
53160
65064
13560
52707
63162
15450
35871
14618
6006
60220
51830
38864
51250
2380
64154
37447
60166
44049
19394
19651
6612
56358
8387
18888
15222
24550
25390
14019
3115
44467
48427
56275
43995
61988
43447
41621
11902
13782
56240
17909
8466
42534
56773
59716
44914
55392
31627
39544
33905
51021
59196
40517
41843
2047
59405
57066
26598
19260
5549
29713
63727
53976
20453
42186
50428
63900
18272
62331
12146
8976
14704
20612
51510
5941
14792
30889
61333
46419
4897
29702
31905
64093
4683
8212
605
64089
65278
27203
17813
5291
56916
16004
59268
11833
58190
44160
10197
10926
40955
22343
19902
55659
42955
5877
61601
57747
36766
57398
38631
41663
21565
5000
40221
26248
13212
40826
24801
12955
2493
42614
18246
59409
58618
11978
5707
51273
56139
15904
62199
31558
38248
16566
21682
15667
22443
17747
7879
59209
9609
46510
35336
31174
51510
10021
57423
64722
50847
16688
12141
53340
59303
30388
47214
52385
42366
52921
38122
32969
3289
34786
64528
41537
51352
20674
57205
8259
38421
65084
1932
48030
46058
37268
13669
32032
47290
5556
31218
32601
22244
43360
20406
16011
8212
2084
2861
50578
55005
40983
18012
58294
10233
17004
34296
61585
37678
25965
4308
10563
25513
6240
58593
6035
43509
6726
38067
25263
12282
3749
57864
34527
47109
12734
50538
55321
14818
53399
40364
4287
28847
58376
62582
39080
9844
31342
35130
47522
57307
39438
58085
17284
45679
51142
23319
23652
57869
61386
48915
4615
65135
41243
39142
46709
53978
24145
36494
3260
12008
11322
7548
40855
4162
4594
14400
14006
35936
49530
61528
27707
23432
54077
44991
3575
39684
2774
27227
32017
64160
10606
36632
63759
51850
10239
44932
40292
34384
15891
43552
46392
27213
51100
21712
31376
55694
36112
45382
26094
20106
41375
53801
43538
29916
33256
47114
4064
36030
8805
36081
34654
19412
7178
32878
5726
17417
12274
46018
51801
28165
24034
32657
55379
9599
54369
21219
65293
24945
1065
25852
45051
42440
14117
23054
6821
47374
4632
10885
17868
13437
46967
52523
32849
54145
19865
38575
6026
32139
19057
57827
60305
43092
24948
50148
52691
13782
5831
52448
38727
6896
12764
18243
49337
26882
41297
56158
8720
45929
1507
26588
59366
48474
13575
26680
37083
33440
65255
43109
44
18777
35400
60349
61869
60349
44961
49024
8595
50792
35936
47322
57688
48701
29
41489
10047
41326
32111
18767
21719
33619
45355
15550
16557
58931
42230
53641
26835
41949
31214
26879
60726
1079
21692
57059
61428
1117
40547
4487
51909
10948
51809
44062
59649
51839
20015
4160
27629
52127
22927
49349
20210
2746
64899
36767
61677
41593
24872
22977
18006
56087
49856
13197
57166
6013
4720
53058
7130
45268
57545
59040
56216
43818
37566
50329
30121
57581
54489
57751
44172
11880
41564
64382
14626
40927
35614
10768
16984
60486
33745
34990
51037
18065
48187
42667
24078
52908
30189
31209
32640
22198
24713
23320
481
62279
8113
30602
54324
62602
22817
32961
8946
64381
31807
23572
39772
1885
34340
56756
62372
2549
26211
47873
20615
8862
25005
44693
61770
55194
10366
28874
11857
35079
52194
12338
31822
60307
42940
20611
57373
222
53572
783
64603
19843
24356
38840
21729
58696
30060
18565
61246
56271
902
16325
65134
25907
61018
61368
15566
5849
24707
27423
40928
11365
39761
7215
6137
17165
27826
63510
17387
15862
64294
16455
35705
23114
55295
57434
16274
19819
10463
11984
10555
11366
28309
10153
37273
23792
5985
52839
29641
30692
14726
5033
42058
54487
12248
48195
6117
40074
46169
23504
55936
44927
39959
26106
2505
29718
18004
18780
49538
28468
30764
60093
39834
59074
4710
11571
17330
10695
64411
46971
41388
13601
52004
17910
2553
64253
569
8670
38791
46738
32174
29192
26130
6598
55298
28635
36316
7766
47415
20318
36234
12644
14875
10532
6182
19585
22104
23512
30281
20979
4947
6133
34580
56951
24043
37133
55668
24612
45803
28924
5814
12442
58116
31944
19040
47878
60580
55356
55644
42459
10139
26343
55103
25014
36875
61285
44600
58979
19261
9345
14422
24208
15478
49003
15624
39521
20600
5756
64133
868
34680
4411
13310
27260
36356
32350
9602
31400
22170
65247
8323
32309
26054
63427
57324
62929
59176
36388
56373
12902
45733
5259
37110
61211
54262
52734
35196
9327
58491
33793
10195
27635
38204
23505
54896
9024
55855
64498
40424
12489
64209
48748
44799
24727
46639
36587
22121
40279
7439
12958
53181
53172
18217
24756
48847
6944
11954
18507
16271
4909
52300
26466
32545
24968
49971
21905
33993
40290
20867
8881
52779
19541
57629
32042
44268
38732
3093
853
13476
10532
13811
1121
63704
32029
25877
47015
38973
37832
65522
55244
42741
52286
16174
9750
11719
609
31655
45712
40899
52523
54593
28142
6528
46687
60185
50796
19883
63278
51650
33359
8275
65461
34481
6443
31954
60358
53459
5391
32654
53445
60635
9860
40196
11273
19610
51915
11882
51266
32091
52781
38253
21148
15388
44781
2299
10037
30041
22183
7779
16155
55542
16054
16081
24487
22498
48035
19310
10421
53427
51964
63866
48526
61824
38526
59800
15899
24905
6146
1629
56996
58928
39882
12609
8780
19127
14908
18817
49168
37091
26596
65324
27098
42651
15869
51585
65149
63904
5359
10034
51795
57324
8364
34786
53612
46891
29050
3975
6260
35196
5604
63257
28588
45486
10330
37368
64613
25238
56185
48246
62330
17246
48034
23892
59897
63903
9941
59510
62271
15301
4008
48531
7089
12372
17781
60701
59263
46831
64677
65524
16491
4745
63245
45080
50232
8039
16912
49309
33277
7562
32019
30071
24808
14517
53963
19169
12884
63905
13143
9620
13670
17151
58151
20759
29523
10396
15924
23251
57227
15065
23239
8182
19811
20948
53262
4507
28987
4639
53816
62264
12201
20300
26800
37009
34817
15227
56178
47702
13596
3785
57322
27266
20936
49937
48025
50459
60333
63950
8174
52024
13479
31413
60206
33290
52361
47933
37797
15812
52572
26078
12541
64773
46378
39341
36246
15659
54568
26888
63361
2629
30673
55147
29895
51609
39548
12385
36532
34345
10799
44707
20833
24278
10584
15504
57569
62946
63437
29830
13222
50473
55908
25763
49710
36750
65104
20420
52410
54137
47308
50235
56766
12445
39847
21125
64054
13859
33510
35050
48205
44309
14221
3502
3052
24806
19006
60621
22216
16907
24915
35438
1844
15288
61202
51554
52038
60770
6438
38912
49371
53746
23612
40601
655
63459
61727
64709
11782
29701
34224
59987
8475
48445
63490
11527
7715
16960
6612
29931
33868
31527
65370
35712
46815
61036
21731
33318
56270
28169
6694
40106
16380
30306
15171
17035
28229
11362
16209
40012
41064
50433
34463
49539
33342
32417
61066
41058
49378
2142
5453
17710
33669
5287
53422
14949
787
9617
48267
57058
37787
54961
31628
54167
19732
46799
5666
47961
58162
21875
22437
33690
6772
56901
17693
40115
23782
13223
15637
7624
15365
21090
25334
49034
26378
13221
63983
27165
22838
46714
18687
60625
36140
50315
49256
55872
31579
54923
38297
24205
11262
60735
57895
18035
52100
10052
58150
10346
23275
8251
17971
38640
29341
43305
22138
55719
56526
20586
17349
13829
1764
36036
8918
37904
20816
58175
28240
52395
47562
1002
11064
58824
61737
3423
11323
48301
13475
3937
58647
36750
12188
11082
9854
41530
54388
31992
31713
45378
52578
49062
59207
54343
19563
2590
26711
40379
60765
54952
27238
42791
55954
38302
36079
52155
41725
47403
34920
55200
51340
28031
26414
63529
39114
36268
39523
27966
2724
5700
7808
55303
54763
1480
44110
8790
4070
5285
49169
64835
60237
10871
42090
50655
49173
12633
37274
25362
60036
6658
15026
45841
34690
41440
43834
8268
12172
17821
36234
14896
23521
44042
4663
12748
45522
48773
21538
49592
54059
5171
48891
48760
16042
25445
33880
65215
38079
5618
25041
32579
12277
40067
12884
46967
15971
56718
55235
28143
9003
25933
43040
32525
4439
47703
45273
49962
30941
1276
34018
19464
6447
17374
2688
22490
42819
36568
22169
15362
42187
47211
47942
54464
21742
60826
35895
37714
52009
25594
321
61012
51527
43361
28001
55966
25529
7739
40392
56470
9015
8875
10398
15462
26249
13086
37952
3532
49655
60122
18895
26306
41797
1301
15234
63539
62127
51129
35717
48600
11187
36039
44077
62714
13864
6542
53144
39393
14281
28001
30327
23296
36876
40725
38759
63125
53812
11175
1121
37931
5761
20016
64237
47558
21317
13935
45562
17909
65064
15743
973
10715
51782
45050
7893
111
51593
61037
39504
338
23502
4296
23635
60378
45021
62394
57967
33297
8033
59089
5692
13795
13569
4393
61353
34887
18328
41379
52796
17856
57123
53769
28571
43369
33284
36464
43480
19341
31966
17449
19679
55468
21745
43314
50311
1230
40172
42742
34528
48206
36295
40220
62001
49865
44614
57818
19216
62942
33662
6476
15263
25249
60245
43834
3082
27993
14763
46563
47334
46729
64012
1478
36661
20221
44792
21436
21451
19429
64179
55979
2099
34938
30664
64100
19267
9742
56382
38483
7148
24508
44959
22411
49757
39669
710
52840
2126
15473
33867
49461
62202
32343
50939
33327
52564
30195
54764
8479
49624
53407
64459
51723
22809
29587
50287
42077
39329
41134
15024
46477
106
59984
3353
49864
34117
4063
37168
36243
19536
5499
20168
16202
37842
5571
49529
24870
35767
38757
33349
19855
26628
32272
6043
49438
61859
56330
25979
35652
31928
41003
16594
32035
35451
19947
16363
4032
24010
53531
40276
43546
59030
60444
59748
31336
480
43741
56206
36247
16963
24019
56102
43591
56292
62145
27493
52615
52940
53472
22732
19332
28940
39326
51367
64391
59273
2194
2888
17747
55725
43164
61293
49219
38072
55505
15019
38552
33710
5689
9263
50673
29709
65366
28729
20465
61975
56222
7544
49379
44159
30276
3176
7563
4066
54543
6418
63339
56738
9306
15550
46927
52470
11307
30611
25007
1276
45630
63559
34987
51320
7287
20124
15493
7117
48853
35958
3556
39540
43502
52936
18163
8243
56112
25726
12309
45119
32144
10113
36321
41451
25663
17713
28385
36971
48324
53392
38247
28418
51416
7698
14202
58703
27823
29695
284
11140
117
3840
50680
43620
56776
3307
51863
47352
29033
64172
26936
61178
8749
63257
37093
34413
15434
65478
5848
63758
53335
44095
26641
39215
51794
40843
32382
14081
5003
32666
25221
5120
36506
10366
48740
27747
13673
35067
9563
42707
33704
36499
38349
42453
34221
9906
11330
49655
9848
17178
47878
63183
61274
8983
36862
47532
49826
3708
61613
54829
36374
21298
59950
7345
31664
43154
35092
45338
12686
44655
22509
46390
15619
60858
23307
49840
5228
34638
33959
15076
51816
16301
12724
47554
25284
49586
29550
9575
53295
25627
64404
24133
46926
58818
31478
13054
36437
1034
58392
49123
45690
15365
29977
61309
10687
53284
45613
15915
22386
14036
30992
8667
30338
43716
56221
55622
27766
20236
65197
15525
45863
64066
39659
27253
57348
5601
40308
28249
6636
33164
11836
52326
48530
41813
48099
59217
29562
28176
9597
51948
42212
40589
60615
7014
18769
51301
62637
46535
6001
62298
62061
51864
60828
36184
13582
52641
41785
53890
15354
48421
21518
27191
35211
4512
3468
17774
63730
33030
45950
7791
19443
22627
48380
14522
29641
1613
287
26742
48148
6288
23505
44673
58153
18797
15321
6199
5902
57107
60089
21257
39992
16071
48448
9668
20584
51916
27442
18778
19411
7857
26569
38854
30484
9413
53376
60125
11026
53664
21332
59174
59952
44837
38312
52569
63634
53633
58768
4001
45204
53321
25258
19661
3857
8170
29329
24441
60086
56771
43219
13961
64628
4252
52815
29576
13665
40656
24166
24691
28784
45498
18329
23200
24799
56641
10234
22897
44739
3466
26898
24407
56788
52156
44068
60645
60326
7861
19550
54877
64633
62769
3302
63725
1485
56118
27766
15150
31238
51932
39841
60022
31894
58170
17686
56693
49276
27920
14054
28479
31387
40953
52886
22639
27573
31419
17748
22364
39280
37298
11705
38377
34531
15007
36567
36016
5589
64333
51166
36827
50729
25471
31313
17087
18105
49000
8244
1845
11384
22298
30324
42771
63251
17675
65410
25289
49094
17622
47653
22838
54920
59358
61216
23915
8829
32247
59931
14419
31044
45561
51246
16237
5496
17024
33324
23602
488
41568
25447
11872
63866
55772
54644
61582
7911
54518
21335
57005
6605
3452
14307
61525
62810
9987
19905
6103
42234
14300
20522
7742
59862
6233
23979
65358
23257
57303
23424
23745
33335
48872
35617
31666
39108
24725
27712
47019
13708
49047
38488
20313
52499
52795
16302
49773
62783
36207
55876
39481
50508
10863
47224
44834
17096
5667
44656
40353
62971
2545
64098
30770
51417
34179
62436
24989
58905
24612
6472
7077
8123
44960
27390
60622
32219
43692
44859
29466
14364
35200
3412
64872
46063
50636
44170
63159
56303
23290
37976
53738
25835
36538
18973
11716
5181
15873
36705
64086
40486
43177
5627
48609
22601
33017
43696
54821
11174
23019
18751
25538
58219
22163
24874
38746
7263
3508
36369
63567
26798
8809
51769
52634
45347
5206
64350
50529
21080
35520
49079
61566
13161
54707
44639
35763
22188
22799
25048
33362
45819
43799
58900
38502
427
18238
11713
7690
21746
48082
5721
48545
56892
57491
35643
36703
62697
34457
21696
18241
4441
5240
14271
17603
59947
58911
53366
16599
16174
12878
49962
61993
56677
43326
34960
57104
61565
46673
64795
17775
29219
4980
784
20575
62471
36427
57279
59633
5349
13439
12338
9790
18679
26610
27393
13090
19985
15223
29690
36159
28101
14116
32617
19243
57442
2041
10811
53471
48714
10070
5711
12397
15051
6495
32973
11986
42923
24716
6083
48272
38155
18422
58062
56835
45032
19920
4389
65017
35143
34079
35640
63245
48195
2721
16952
40102
4762
27763
28037
53476
37834
33748
338
52885
40244
33311
64871
17631
58027
5419
367
30646
23841
58429
21945
3337
12813
26335
2818
47957
60414
38458
45666
43074
41180
62618
17640
45942
24845
45677
33883
62679
13890
34221
50028
54134
1996
49364
6229
60023
54783
6596
25133
13088
65025
47079
16425
12303
7878
19243
60260
2756
57701
40390
45830
33345
37472
63470
13752
62317
43612
47635
59461
57502
16320
43953
46100
18316
27781
52329
12803
17028
58925
37936
30116
58414
19479
46541
5181
27357
248
65441
30114
57950
40295
10408
25759
12231
8343
39511
9013
51955
21610
2938
43921
37930
46891
24485
56246
9137
11278
3513
26165
4667
41450
56282
63081
60929
37287
2727
22751
37536
2632
52865
29950
42928
63273
55709
55159
6080
29685
64172
58035
51295
1574
36420
23690
48466
60905
14400
57603
6647
17914
18232
11314
59364
8978
8860
54757
46266
11587
11972
18266
14219
64837
48216
57147
62575
38389
46771
3119
2538
45407
61155
53834
46982
32039
11988
29912
27409
26388
21979
34056
44302
40211
45371
38130
49190
54231
27352
29920
282
39324
48186
14501
38626
30866
6113
35665
3719
52884
38784
6258
32755
34403
60092
14201
907
6544
44113
28316
32932
556
62372
11699
40768
42207
49829
24422
30902
11645
54342
31184
50970
36992
45686
24060
2322
51799
59725
6041
39147
32973
12299
6366
1841
6855
20568
2748
13399
64681
31064
46332
65238
27900
58031
40470
4572
42324
64892
35474
53970
53698
1123
39404
25154
46809
63464
27476
33072
57653
33517
6683
25090
45817
13049
26931
52672
33617
29679
536
32763
60743
46868
32465
23108
39363
7399
27680
16151
6755
63154
4585
60453
64277
43989
20071
45550
41917
47547
13086
34034
15528
19769
59125
61345
32819
20520
48482
900
50200
49018
33663
45407
30350
592
2979
4177
7991
30659
20328
14746
28278
24914
9663
27019
3367
29734
7034
45285
11745
20120
13783
27274
39890
7372
23083
7173
27893
6029
8073
12557
55047
41737
57964
19861
42329
60944
24038
50321
26067
44367
65067
54345
3745
9195
15829
7112
38929
22863
52397
50675
42983
645
12413
17337
8017
35496
24510
35910
41526
32584
48467
31037
8785
40896
50899
51114
36304
9401
35899
62371
53768
35431
51181
57513
44626
1474
64626
18019
24337
51487
3158
1784
52132
15571
19122
60150
51068
43632
30524
27058
10680
13456
58095
19465
54352
43458
5044
25120
52860
40943
21955
41092
10838
7600
33070
55464
9074
32160
7948
33411
18111
11106
35196
4708
26678
54318
64858
12210
32414
29846
39268
43095
43302
31827
62560
32118
9750
2068
57238
62610
43012
13658
38166
53850
21258
5700
43779
30333
37860
51727
63744
55972
62833
33404
60680
23975
22186
60002
36185
54601
24312
9917
32160
2079
41745
29184
34197
51495
31253
25900
48569
8729
39558
21199
62579
60816
26900
40822
25613
64760
27013
23822
55196
24311
57226
50340
48286
13877
44806
18936
2942
3583
28853
35102
5662
5062
64286
39859
56557
30003
223
39590
38732
39781
60790
35776
35062
22154
11062
60675
21378
38076
18961
11039
62387
10652
61379
45137
24529
40650
64073
27471
44233
27391
62573
49895
32453
61323
24218
23475
25791
24442
63065
64523
64223
58319
34763
33749
14937
45826
28889
36316
18366
47850
47355
15217
58502
43198
60354
17495
18312
58892
44966
62545
20747
42003
46904
53200
37791
5587
11139
63582
30029
8669
62569
28716
1452
31797
62466
16390
12087
25819
52706
30453
8133
34525
45670
1100
12187
40488
18595
30500
33844
63562
27509
54591
40029
8878
42256
12284
14465
53395
10330
44494
62064
7364
7674
63517
39161
4604
14371
51248
30423
1541
16165
38557
36066
61835
39657
48253
36787
58252
13217
5096
56278
40727
59687
30772
49605
36407
43056
64070
24267
53387
43028
20795
60751
50702
18776
34376
55307
33147
20088
20194
34688
36253
58751
5218
32552
32872
53472
3803
25589
1153
8899
16331
41880
3051
47103
25949
39458
24624
24483
63725
12475
1975
18985
7690
52678
37761
42066
42449
5373
62154
62643
40061
32871
55859
45280
65423
23195
33216
3690
48784
34369
12590
65116
10714
15641
46683
36663
55099
5771
61147
53289
18246
63122
6738
25936
50264
44499
2466
27177
49872
64620
24285
24398
31955
14608
4142
31842
37803
37358
35533
21052
6191
48123
20632
16905
63764
1779
53569
53327
7551
49180
41080
25797
46766
47818
51734
31495
26782
54200
58672
11118
53285
17421
35516
19704
32029
39658
51547
4297
11480
21544
25349
17672
4131
45981
34577
2359
47760
22610
55686
55311
6254
31231
15573
53021
13513
1771
18980
40295
55971
12116
51414
43720
29538
21394
63425
61567
61053
49436
328
6997
5444
25677
24669
9575
6122
59247
11934
53883
16321
2084
43658
22576
33315
59231
10061
46829
61002
29041
21588
51438
41157
7466
29622
5159
28861
27511
1191
24378
11411
1519
31375
16855
27197
56045
26430
33319
49756
38364
21666
541
40449
65325
23117
8228
59020
33178
55057
54487
62219
11110
40389
37841
18576
4475
43000
47437
31987
44191
6279
43398
45711
37655
60254
7372
28164
21148
40691
12384
59513
62358
12925
34426
62147
36043
42654
55631
3685
32176
44582
369
43286
19435
38210
61862
23911
15674
43764
55898
59866
50043
33760
40041
22162
28478
47413
50326
49627
22568
62710
43604
19390
10100
12494
16001
46143
55148
6097
49828
21788
50679
50197
65074
4579
22871
61401
28490
38546
39629
18852
32876
24136
52612
7381
46299
15555
54794
31089
65182
11826
28264
43250
31217
38364
55744
47218
18971
45356
53315
3263
1609
38459
53461
1147
43038
10796
62548
5992
49342
36641
24844
16682
60778
11920
24063
41541
27475
13321
7094
27121
25148
35358
4835
56365
8186
60579
38047
27157
40400
25827
30421
42009
64286
18346
43156
41788
29142
40169
47780
12949
11274
7088
29631
6516
19008
53695
48057
46484
1480
55152
8069
26628
24974
12905
17457
33161
7948
55505
60318
48348
15796
25203
24821
14546
43549
2442
56334
7156
42611
38578
20105
53885
45666
49736
60402
64674
37895
42923
45622
39376
32539
53692
468
57514
1061
17926
25139
9009
7895
